64Qv3:
  resonator_frequency:
    # MUX 2
    Q08: 10.071844
    Q09: 10.443884
    Q10: 10.295843
    Q11: 9.932716
    # MUX 3
    Q12: 10.268
    Q13: 10.544
    Q14: 10.384
    Q15: 10.122
    # MUX 4
    Q16: 10.246497
    Q17: 10.508423
    Q18: 10.362024
    Q19: 10.074325
    # MUX 5
    Q20: 10.070081
    # Q20: 10.088
    Q21: 10.440
    Q22: 10.290
    Q23: 9.949697
    # MUX 6
    Q24: 10.228234
    Q25: 10.546497
    Q26: 10.350636
    Q27: 10.106751
    # MUX 7
    Q28: 10.132
    Q29: 10.468
    Q30: 10.262774
    # MUX 9
    Q36: 10.177
    Q37: 10.518
    Q38: 10.374
    Q39: 10.078
    # MUX 10
    Q40: 10.078648
    Q41: 10.43022
    Q42: 10.2628
    Q43: 9.917
    # MUX 11
    Q44: 10.190
    Q45: 10.545
    Q46: 10.404
    Q47: 10.0912
    # MUX 12
    Q48: 10.205873
    Q49: 10.562
    Q50: 10.394779
    Q51: 10.052
    # MUX 13
    Q52: 10.099
    Q53: 10.462
    Q54: 10.264
    Q55: 9.933
    # MUX14
    Q56: 10.24835
    Q57: 10.576076
    Q58: 10.41548
    Q59: null # 共振器が死んでいる
    # MUX15
    Q60: 10.106
    Q61: 10.468014
    Q62: 10.314
    Q63: 9.979

  qubit_frequency:
    # MUX02
    Q08: 7.914041668836894
    Q09: 8.841419
    Q10: 8.645370447221769
    Q11: 7.910393674616973
    # MUX03
    Q12: 8.004933599290263
    Q13: 8.952833761201127
    Q14: 8.876204014248945
    Q15: 8.018163446554674
    # MUX04
    Q16: 8.033537861367185
    Q17: 8.8641130311435
    Q18: 8.832551197023847
    Q19: 7.978116756564878
    # MUX05
    Q20: 7.937444
    Q21: 8.78195927707329
    Q22: 8.68719719535008
    Q23: 7.851521315906047
    # MUX06
    Q24: 8.046966349071162
    Q25: 8.820267128465115
    Q26: 8.847556398118266
    Q27: 7.976021695647495
    # MUX07
    Q28: 7.984118889735598
    Q29: 8.93749585681552
    Q30: 8.660127
    Q31: 7.937673066935733
    # MUX09
    Q36: 7.9978990514477335
    Q37: 8.952987964873792
    Q38: 8.91163940734543
    Q39: 8.031709240990264
    # MUX10
    Q40: 7.931068756523584
    Q41: 8.846743
    Q42: 8.696598141080635
    Q43: 7.901043061148582
    # MUX11
    Q44: 8.019982172895507
    Q45: 8.9946147654588
    Q46: 8.900333539194643
    Q47: 8.107562941675962
    # MUX 12
    Q48: 8.013654153072627
    Q49: 8.937183
    Q50: 8.850066151552037
    Q51: 7.967478623195165
    # MUX 13
    Q52: 7.901813469180559
    Q53: 8.868356
    Q54: 8.655019654977679
    Q55: 7.919715189642486
    # MUX 14
    Q56: 8.060102603468621
    Q57: 8.975659629232943
    Q58: 8.857818633325776
    Q59: null # 共振器が死んでいる
    # MUX 15
    Q60: 8.007008
    Q61: 8.848118352331603
    Q62: 8.737687
    Q63: 7.940934004705333

  t1:
    Q36: 14114.410774105723
    Q37: 39.5e+3
    Q38: 2680.7328464605475
    Q39: 657.3102074533329
    Q40: 1441.6774267128756
    Q41: null
    Q42: 2812.8984851974783
    Q43: null

  t2_echo:
    Q36: 33241.83400448541
    Q37: 35.0e+3
    Q38: 4375.131197516968
    Q39: 1195.5390708821349
    Q40: 12397.261086228813
    Q41: null
    Q42: 184.6e+3
    Q43: null

  t2_star:
    Q36: 7.1e+3
    Q37: 16.1e+3
    Q38: 12.4e+3
    Q39: 3.7e+3
    Q40: null
    Q41: null
    Q42: null
    Q43: null

  average_readout_fidelity:
    Q36: 0.9080999999999999
    Q37: 0.950900
    Q38: 0.8977999999999999
    Q39: 0.70305
    Q40: 0.9082
    Q41: null
    Q42: null
    Q43: null

  x90_gate_fidelity:
    Q36: null
    Q37: 0.999580
    Q38: 0.995120363733381
    Q39: 0.997371
    Q40: null
    Q41: null
    Q42: null
    Q43: null
