64Qv3:
  resonator_frequency:
    # MUX 9
    Q36: 10.18547211923376
    Q37: 10.524028966085437
    Q38: 10.369636326195295
    Q39: 10.08061
    # MUX 10
    Q40: 10.077185
    Q41: 10.427775
    Q42: 10.234016568668979
    Q43: 9.928106308337592

  qubit_frequency:
    # MUX09
    Q36: 7.9978990514477335
    Q37: 8.952987964873792
    Q38: 8.91163940734543
    Q39: 8.031709240990264
    # MUX10
    Q40: 7.931068756523584
    Q41: 8.846743
    Q42: 8.696598141080635
    Q43: 7.901043061148582
    # MUX11
    Q44: 8.019982172895507
    Q45: 8.9946147654588
    Q46: 8.900333539194643
    Q47: 8.107562941675962
    # MUX 12
    Q48: 8.013654153072627
    Q49: 8.937183
    Q50: 8.850066151552037
    Q51: 7.967478623195165
    # MUX 13
    Q52: 7.901813469180559
    Q53: 8.868356
    Q54: 8.655019654977679
    Q55: 7.919715189642486
    # MUX 14
    Q56: 8.060102603468621
    Q57: 8.975659629232943
    Q58: 8.857818633325776
    Q59: null # 共振器が死んでいる
    # MUX 15
    Q60: 8.007008
    Q61: 8.848118352331603
    Q62: 8.737687
    Q63: 7.940934004705333

  readout frequency:
    # MUX 9
    Q36: 10.185889
    Q37: 10.518989
    Q38: 10.365758
    Q39: 10.069782
    # MUX 10
    Q40: 10.078648
    Q41: 10.43022
    Q42: 10.253400
    Q43: 9.925314
    # MUX 11
    Q44: 10.199771
    Q45: 10.545
    Q46: 10.404
    Q47: 10.081745
    # MUX 12
    Q48: 10.205873
    Q49: 10.562
    Q50: 10.394779
    Q51: 10.052
    # MUX 13
    Q52: 10.090
    Q53: 10.462
    Q54: 10.272
    Q55: 9.933516
    # MUX14
    Q56: 10.24835
    Q57: 10.576076
    Q58: 10.41548
    Q59: null # 共振器が死んでいる
    # MUX15
    Q60: 10.106132
    Q61: 10.468014
    Q62: 10.3046
    Q63: 9.96928
  
  readout_amplitude:
    # MUX09
    Q36: 0.15
    Q37: 0.15
    Q38: 0.1
    Q39: 0.15
    # MUX10
    Q40: 0.15
    Q41: 0.15
    Q42: 0.15
    Q43: 0.15
    # MUX11
    Q44: 0.15
    Q45: 0.15
    Q46: 0.15
    Q47: 0.15
    # MUX12
    Q48: 0.1
    Q49: 0.1
    Q50: 0.15
    Q51: 0.1
    # MUX13
    Q52: 0.15
    Q53: 0.1
    Q54: 0.15
    Q55: 0.15
    # MUX14
    Q56: 0.05
    Q57: 0.05
    Q58: 0.05
    Q59: 0.05
    # MUX15
    Q60: 0.07
    Q61: 0.07
    Q62: 0.07
    Q63: 0.07
    
  t1:
    Q36: 23684.54360409396
    Q37: 22018.36588787938
    Q38: 2197.3526013495457
    Q39: 622.8609639179921
    Q40: 6419.209000325758
    Q41: null
    Q42: 13398.417178959176
    Q43: 7151.40778378591
  t1_err:
    Q36: 500.27151178042084
    Q37: 471.774276649597
    Q38: 103.49457590906395
    Q42: 455.964578037589
    Q43: 431.530037437039
  t1_r2:
    Q36: 0.9979789982725232
    Q37: 0.9979054180660973
    Q38: 0.9889426567238848
    Q42: 0.9946068241951913
    Q43: 0.9830200261839414
  t2:
    Q36: 36110.23293963709
    Q37: 36273.47054450994
    Q38: 4346.5793975183215
    Q42: 19250.207620065445
    Q43: 11816.375360823029
  t2_err:
    Q36: 2939.21561734118
    Q37: 1533.4202662342277
    Q38: 224.51171080891152
    Q42: 1515.768029370615
    Q43: 745.9603212432024
  t2_r2:
    Q36: 0.9716639130890312
    Q37: 0.9922079369252842
    Q38: 0.9855176274450873
    Q42: 0.9700065346738889
    Q43: 0.979864225669883

  t2_echo:
    Q36: 9.8e+3
    Q37: 35.0e+3
    Q38: 11.1e+3
    Q39: 20.9e+3
    Q40: null
    Q41: null
    Q42: 184.6e+3
    Q43: null

  t2_star:
    Q36: 7.1e+3
    Q37: 16.1e+3
    Q38: 12.4e+3
    Q39: 3.7e+3
    Q40: null
    Q41: null
    Q42: null
    Q43: null

  average_readout_fidelity:
    Q36: 0.9408
    Q37: 0.9644999999999999
    Q38: 0.8305
    Q42: 0.75345
    Q41: null
    Q42: null
    Q43: 0.8183
    
  x90_gate_fidelity:
    Q36: null
    Q37: 0.999580
    Q38: 0.995120363733381
    Q39: 0.997371
    Q40: null
    Q41: null
    Q42: null
    Q43: null
