64Qv3:
  resonator_frequency:
    # MUX 2
    Q08: 10.078206162559104
    Q09: 10.451102759807426
    Q10: 10.287618870551828
    Q11: 9.923619045356688
    # MUX 3
    Q12: 10.268000000000002
    Q13: 10.545862
    Q14: 10.384
    Q15: 10.1218060173498
    # MUX 4
    Q16: 10.246497
    Q17: 10.508423
    Q18: 10.362024
    Q19: 10.074325
    # MUX 5
    Q20: 10.070081
    # Q20: 10.088
    Q21: 10.440
    Q22: 10.290
    Q23: 9.949697
    # MUX 6
    Q24: 10.237680146897363
    Q25: 10.536852076816956
    Q26: 10.36004683719117
    Q27: 10.11665183658075
    # MUX 7
    Q28: 10.131884099539741
    Q29: 10.468
    Q30: 10.262774
    Q31: 9.958300
    # MUX 9
    Q36: 10.177326701231234
    Q37: 10.506087041288946
    Q38: 10.374406173868158
    Q39: 10.060994241135601
    # MUX 10
    Q40: 10.075648171041973
    Q41: 10.417894280729177
    Q42: 10.263028050796864
    Q43: 9.91666494350872
    # MUX 11
    Q44: 10.209770999999998
    Q45: 10.545
    Q46: 10.404
    Q47: 10.091328251355765
    # MUX 12
    Q48: 10.205873
    Q49: 10.562
    Q50: 10.394779
    Q51: 10.052
    # MUX 13
    Q52: 10.080444248451323
    Q53: 10.462
    Q54: 10.281745737843076
    Q55: 9.92413952002724
    # MUX14
    Q56: 10.238350000000002
    Q57: 10.585664513634892
    Q58: 10.406394392978662
    Q59: null # 共振器が死んでいる
    # MUX15
    Q60: 10.106521333899233
    Q61: 10.468014
    Q62: 10.312486219621317
    Q63: 9.978722807662189

  qubit_frequency:
    # MUX02
    Q08: 7.913647430518778
    Q09: 8.842110805064411
    Q10: 8.64495558022894
    Q11: 7.910526002450681
    # MUX03
    Q12: 8.005265881753218
    Q13: 8.952833761201127
    Q14: 8.876204014248945
    Q15: 8.017110537945264
    # MUX04
    Q16: 8.033537861367185
    Q17: 8.8641130311435
    Q18: 8.832551197023847
    Q19: 7.978116756564878
    # MUX05
    Q20: 7.937444
    Q21: 8.78195927707329
    Q22: 8.68719719535008
    Q23: 7.851521315906047
    # MUX06
    Q24: 8.047806697608278
    Q25: 8.821441373667179
    Q26: 8.848495197674849
    Q27: 7.9764484356716725
    # MUX07
    Q28: 7.984250219674191
    Q29: 8.93749585681552
    Q30: 8.660127
    Q31: 7.937673066935733
    # MUX09
    Q36: 7.999191596232598
    Q37: 8.95323033099062
    Q38: 8.911072938080656
    Q39: 8.031701252129276
    # MUX10
    Q40: 7.921896157353786
    Q41: 8.845282417232696
    Q42: 8.697142774457319
    Q43: 7.913051945495157
    # MUX11
    Q44: 8.017288913777124
    Q45: 8.9946147654588
    Q46: 8.900333539194643
    Q47: 8.108006317155493
    # MUX 12
    Q48: 8.013654153072627
    Q49: 8.937183
    Q50: 8.850066151552037
    Q51: 7.967478623195165
    # MUX 13
    Q52: 7.9026557641472275
    Q53: 8.868356
    Q54: 8.657970051249242
    Q55: 7.921011646733311
    # MUX 14
    Q56: 8.060569195846474
    Q57: 8.979975005504993
    Q58: 8.857931500765524
    Q59: null # 共振器が死んでいる
    # MUX 15
    Q60: 8.005403712867617
    Q61: 8.848118352331603
    Q62: 8.738148162127121
    Q63: 7.941328559114846

  t1:
    Q36: 14114.410774105723
    Q37: 39.5e+3
    Q38: 2680.7328464605475
    Q39: 657.3102074533329
    Q40: 1441.6774267128756
    Q41: null
    Q42: 2812.8984851974783
    Q43: null

  t2_echo:
    Q36: 33241.83400448541
    Q37: 35.0e+3
    Q38: 4375.131197516968
    Q39: 1195.5390708821349
    Q40: 12397.261086228813
    Q41: null
    Q42: 184.6e+3
    Q43: null

  t2_star:
    Q36: 7.1e+3
    Q37: 16.1e+3
    Q38: 12.4e+3
    Q39: 3.7e+3
    Q40: null
    Q41: null
    Q42: null
    Q43: null

  average_readout_fidelity:
    Q36: 0.9080999999999999
    Q37: 0.950900
    Q38: 0.8977999999999999
    Q39: 0.70305
    Q40: 0.9082
    Q41: null
    Q42: null
    Q43: null

  x90_gate_fidelity:
    Q36: null
    Q37: 0.999580
    Q38: 0.995120363733381
    Q39: 0.997371
    Q40: null
    Q41: null
    Q42: null
    Q43: null
