64Qv3:
  resonator_frequency:
    # MUX 9
    Q36: 10.176210680805006
    Q37: 10.50932119546387
    Q38: 10.375319150325753
    Q39: 10.06022647700587
    # MUX 10
    Q40: 10.075648171041973
    Q41: 10.426436691982492
    Q42: 10.26277541886188
    Q43: 9.91666494350872
    # MUX 11
    Q44: 10.199771
    Q45: 10.545
    Q46: 10.404
    Q47: 10.081745
    # MUX 12
    Q48: 10.205873
    Q49: 10.562
    Q50: 10.394779
    Q51: 10.052
    # MUX 13
    Q52: 10.080444248451323
    Q53: 10.462
    Q54: 10.281745737843076
    Q55: 9.92413952002724
    # MUX14
    Q56: 10.238350000000002
    Q57: 10.585664513634892
    Q58: 10.406394392978662
    Q59: null # 共振器が死んでいる
    # MUX15
    Q60: 10.106132
    Q61: 10.468014
    Q62: 10.3046
    Q63: 9.96928

  qubit_frequency:
    # MUX09
    Q36: 7.999167577777703
    Q37: 8.953196828636546
    Q38: 8.91110022374012
    Q39: 8.031671752848005
    # MUX10
    Q40: 7.921896157353786
    Q41: 8.845709763718217
    Q42: 8.697237603601275
    Q43: 7.913051945495157
    # MUX11
    Q44: 8.019982172895507
    Q45: 8.9946147654588
    Q46: 8.900333539194643
    Q47: 8.107562941675962
    # MUX 12
    Q48: 8.013654153072627
    Q49: 8.937183
    Q50: 8.850066151552037
    Q51: 7.967478623195165
    # MUX 13
    Q52: 7.9026557641472275
    Q53: 8.868356
    Q54: 8.657970051249242
    Q55: 7.921011646733311
    # MUX 14
    Q56: 8.060569195846474
    Q57: 8.979975005504993
    Q58: 8.857931500765524
    Q59: null # 共振器が死んでいる
    # MUX 15
    Q60: 8.007008
    Q61: 8.848118352331603
    Q62: 8.737687
    Q63: 7.940934004705333

  t1:
    Q36: 14114.410774105723
    Q37: 39.5e+3
    Q38: 2680.7328464605475
    Q39: 657.3102074533329
    Q40: 1441.6774267128756
    Q41: null
    Q42: 2812.8984851974783
    Q43: null

  t2_echo:
    Q36: 33241.83400448541
    Q37: 35.0e+3
    Q38: 4375.131197516968
    Q39: 1195.5390708821349
    Q40: 12397.261086228813
    Q41: null
    Q42: 184.6e+3
    Q43: null

  t2_star:
    Q36: 7.1e+3
    Q37: 16.1e+3
    Q38: 12.4e+3
    Q39: 3.7e+3
    Q40: null
    Q41: null
    Q42: null
    Q43: null

  average_readout_fidelity:
    Q36: 0.9080999999999999
    Q37: 0.950900
    Q38: 0.8977999999999999
    Q39: 0.70305
    Q40: 0.9082
    Q41: null
    Q42: null
    Q43: null

  x90_gate_fidelity:
    Q36: null
    Q37: 0.999580
    Q38: 0.995120363733381
    Q39: 0.997371
    Q40: null
    Q41: null
    Q42: null
    Q43: null
