64Qv3:
  resonator_frequency:
    # MUX 9
    Q36: 10.17530386690956
    Q37: 10.506671354665919
    Q38: 10.376876714435543
    Q39: 10.069782
    # MUX 10
    Q40: 10.078648
    Q41: 10.43022
    Q42: 10.264817603963579
    Q43: 9.936597150726225
    # MUX 12
    Q48: 10.205873
    Q49: 10.562
    Q50: 10.394779
    Q51: 10.052
    # MUX 13
    Q52: 10.080434094993056
    Q53: 10.462
    Q54: 10.280560666354743
    Q55: 9.943276745033453

  qubit_frequency:
    # MUX09
    Q36: 7.999254671990763
    Q37: 8.953126289375671
    Q38: 8.91104109464382
    Q39: 8.031709240990264
    # MUX10
    Q40: 7.931068756523584
    Q41: 8.846743
    Q42: 8.697435043469966
    Q43: 7.901761253135629
    # MUX 12
    Q48: 8.013639282620263
    Q49: 8.937183
    Q50: 8.850046185545057
    Q51: 7.9674415906073035
    # MUX 13
    Q52: 7.902296634899464
    Q53: 8.868356
    Q54: 8.657746724390591
    Q55: 7.9210008950469355

  t1:
    Q36: 14114.410774105723
    Q37: 39.5e+3
    Q38: 2680.7328464605475
    Q39: 657.3102074533329
    Q40: 1441.6774267128756
    Q41: null
    Q42: 2812.8984851974783
    Q43: null

  t2_echo:
    Q36: 33241.83400448541
    Q37: 35.0e+3
    Q38: 4375.131197516968
    Q39: 1195.5390708821349
    Q40: 12397.261086228813
    Q41: null
    Q42: 184.6e+3
    Q43: null

  t2_star:
    Q36: 7.1e+3
    Q37: 16.1e+3
    Q38: 12.4e+3
    Q39: 3.7e+3
    Q40: null
    Q41: null
    Q42: null
    Q43: null

  average_readout_fidelity:
    Q36: 0.9080999999999999
    Q37: 0.950900
    Q38: 0.8977999999999999
    Q39: 0.70305
    Q40: 0.9082
    Q41: null
    Q42: null
    Q43: null

  x90_gate_fidelity:
    Q36: null
    Q37: 0.999580
    Q38: 0.995120363733381
    Q39: 0.997371
    Q40: null
    Q41: null
    Q42: null
    Q43: null
